$ANSIBLE_VAULT;1.1;AES256
31656531363366373464653032376339626530363661666437393936313434373535643961326139
3965366236633664626136646262366432666166396436370a323739306130656363353434666631
37633631383637636531613164656232373165623832363638373565313965306537663330323261
3539666332363733640a633237636635643137383930396662306636336362343439643764353837
32353765353464653332396635616631343331376166626637383534336138313062336139343962
38663564633939626634633137383965353065353037626637383864393464653562633566326163
65656333373534323164623362613962623032643138346430626139393933366334666539653265
37323264643434313162643837363632646439623666326665343636333333323838363634633966
34313037373830323364346537373966636138653137336565373563646362303163663130353030
35623234613963666231363939363637323130316636646436636237346339343638643861396339
38306365356366646333633438383161646236616338636263616535326334616364636231633736
31613436386235373832663338633432323962646638383137663336376164333630616432323563
34643038313064313464666632363736656330633630386630366639626638643661623962323630
31303630326333636632343736303934396364663731643237363064646130303531386136363736
35623766346361336430383031386335303666366362663632323633653736666334373965333763
30623336313630626265346631663665636537613863323331336432313539363935316265323639
35613032333966306339323432633865323334306131323465626461333939356630643465363638
33396530353035656363643138373739316335656331346333333835373638373164353536323964
38396430346164383137643435313963643238366530633338633664626465333239663434346539
33613262353161633832613836656135653834633763316234633636326134326535366261343636
31626231383964373935333130353032396538303034303936636132373035343937383666383431
35623136623732363936653063613163326564323863333534346130656630316435353633326136
38653361326134316264656439626132633737373832393663623333383361336466303635626238
36623834626236646362343933333830356633666431393130363335653234366431323333393730
35363865326162396666326135353431336338616435363561373562653537323039306663373332
64616163643163643334313239353266316634353462636236623633613732363233656235333866
37363833633566626138353265316566316437626564343661333430623135396266373430313438
38396565363135666334316465333535313465373961373563326130373663396434383836363330
62663962333866613261646536383764666361636633316164393964666134343763323539666231
63636561316132386264353464376436613531623364363037393131633061653466613261363138
61653737303535623136363866643631353130343035623531663934653435633038316537393631
61366261626262333533373566343366363831363433643461653831393537363734316530343135
66356261373938643961313639346133643230646462646537303166326163366637363066666362
62333738333363356435623762636433306636303162393937353034313965623639383435386638
64336166373630383664626265306238353038653938326233663136313330313334633530303561
65353063373863646639653337313631343035343737616165396130616634316336333939656163
61353932663931326437313838393931616161313234613436373935646231343561663534616330
36383662356163323839613065333639633563636165313833613765643961653032636561383636
38663533396230393937613539313233373730643337313663323164326165386530646430316433
35366137323566373463616564653437313264316162363930666530353931613330656261353031
39336336623833303234653337656335313930633038393961383336646537653666343737666566
61663931623130613036323662343162653138643236616664616637396434343566353164646136
38313334373033313133613761336539323363353066356465623062373263396437376436623938
66656631383962323364306532323836656333306234666637373665643832386231303337353234
34643061646131383433356432383132663064636136666330616362653536663938613930636264
65663561623534323066623935386338653835383365633663653565343434323436323865303833
65323535666339313430616233663664323962303332646365623030643431396338363930646331
34306635336633373966303264366563646432313932393835393364633739393666323866626636
66616262343036373830393464326139313662633234313062376130623838633363626566373733
62356632306462316366376235333638353838396139336665343431353639623437643266343064
64303862393161393365623564613831646235613165336333643561373966646664613139666630
37646365333366633637353632326331323333313466343235393662316539373131643262623135
37393063663965393539653532613231336431366332396138366631366336383833386165643336
30353064373334333762663334323637336465323739613861376536346166383866383462353033
36323239653565343033373635346132643135653163623838316162666664653837363363303230
32326236313932616464383965323037323833393730653430373462316134313264643132396462
37663532306239373339343937653234326630343732656532656261323530656338663834383961
39643631353535363436393262396137633432313239336437346633666435336665326430333339
32366335383639663866303333303864373836393763623430383230663361353366343663393535
63623433353831383665356461653761373032336432613638323238306633303865363332616338
32613464646263363137356463303066316230313063326534396334373435343665336664623530
38626434633634366134343236353733376336373933623265383964303961666465306632303931
30323861636235633436343961323630323137616437363364323236653335363335636339623736
34343330666634393939386631343331636533353866353238326264656265363733386562633465
39333438393937316236623466333731356339613736393132326662643534396362396432313733
38353134333237323737656466663836323137613434373462663731653062356535396633323734
31643739363036303862663031393766386435323133633131353566326434316636343934666232
64626261643830626562613333333734373932313761646630643938613837303936373561613135
66313765323562323461356164633938393762306637646332363738393164653864666465616438
38303165663762646138626239343630393334616637313031623635653630346366393161303665
36346663323035313132653531623165346630336637653737326266353039636361346465393265
39393135613134663437643139653534326135326664656239356131323564633835373632336565
62323335393130613635393932336239393637393132373530326139613662663739363736306235
6363353930333861343730363831373561363735393035396565
