$ANSIBLE_VAULT;1.1;AES256
32643238393464356236653230656434623732316433626134653662396336363963323366303466
6531316263356331386265373833396261626230303933320a313831646631653837303665336538
63363863363730623264613131373630353431623536356439663435653336653337373661656263
3333623130373964310a633730386536656563393332353363613332353436343632626431333636
37363732316361343135393638336335663338303531323634343266356165303937643537663035
34396263373535333436356630313666333935313866646434663364333432623761643438376361
61306238306234636561636165643865353431333332663437306531393136336531306635633631
63666237636363653731326533363937393161663734316334656133366561616531333566333264
64646231616263396564613431336566626463656536393939323239363534633539303363363238
34356533386237356330356262333836653236336339303433633131326261316635343236346231
31356235383230663464623563366561373261656335316435656236336439313530343233636639
33303932626264626462306665363238393262373261303830343363356632613431346634333939
65366236633961376664343631646634323539666632356438393832643234633031386263333837
35633261656564376164303739666336643131356565306433633230623364393165303565336335
32376336366135663235313961656439636665663339336135363861323838303530396561343163
66323862613838383666613137353639306364386331633436383065373434613665626361656238
65646163643165376430636565343166373964396665313237626432346461323662303439616434
30356631313732616634653862616536356663613961616531346435663561336261623133376236
62316539356565323965643566633361366134633937663866633137663362646562613166666639
37663836363938393332326164653636386230313262613339343436313334633862336461323936
30656562366466316162373538343536666234386537333337636130663566623632303465323435
35333864613536373336613465353839323364383935633265393532386431353639303833326331
63323035663637316337336164393433306337343736623136663930663731326161336233656165
31373039393738346664363637633038323465313234363861653132356364643138376464653039
62356332636538653563666335656264643833346533303838643563663832643535636461333835
37646231393539333338313364623230636264363066366535616130306433383165396233656537
63636262626163323233316565653965653934646134653932326330313230643133313432346330
36396437336565626466366234303032303163656165353434303563336130306231353238326132
38393637343664396261626436656366383463663439323433623831393038613738616436376461
34366464366134643930376562626565316634316133326362336434353361363435626532333965
39373037383132646439306165656237346230626436656532323766616635343665636538303266
34613331383564363438643639326164356132313563633166306536636639313939333364376664
35306138643636383530623630366266386463336437356363356639633634396636386132666366
65393035646564376432323630386463386664386437346336393964653462643430383735343930
31323235303461383465356463326666313535636234393538663431383532663830313033646264
30316132353336363564363233376639336433313233643839393966653530366336353430366463
64383136333262323434633835656531316663666235303136323339363431316632326232313861
32353966643432666664363363376666396535626566336265353039376631636633393864666163
31616130383033313335376135346461663766353735336334616431636134306636313332353239
33353766323830313332613432353630343864316331326635303561616332346238393639633863
36326263396462373163643330343765306239323363333239343536663365323130623936313631
66376137653139386238343238626163646639373465363431383536396263353433353830643837
34346666663239663535643361376333643363633262656366363662666564333131306630313133
34646263376365393039323265636332616533656533306561346664393663396534323964363037
63643637363130636634363135303863393935366334623665333234663838643032653064663165
32343633626664393265386638353230396562353832633632383232303832633766343464323539
66333465346630303232353736306664663838313463373733656263623365313862323330333838
34323864373639636662356466626461383133353364626266393234303939343962313239616563
35363432633431383462313361353231633435373462363766653538616437386133643833356434
62373233333832623264626134316635626562303134653763646365353630656335653234626136
34323537323431373966616535623039633135356161643261363636356564666334643566353065
30353537333034373031626463396533363332336339323333633164303363343935336437653936
35346236363330313734633962333634313834363631353965363636626361666331353666373264
66636632626334346135323962353932383635636264366263343933666234313533306661373933
35336231663039613136383433373037343763666230366235356561363063613564363230336337
37336339306632323064356162613334383132373036643033613936653331656335353032396231
61326563386564353535633964303036643030373762346433336136616537616335653530373535
30623230386236346139306565323037303436633761366438396635636566383263633563393663
63306262393764336364613335613734336435373139303431323338383130353561393533333938
66613137393737393438343162623830393762313965613866656431346261633533386334383731
61346639356138373561353333353837653933636161396134303737323130393936316134346263
63616463356163626239316363336464376164366362306434623361353362343136633164393539
32616233313039316164346465623962336337346561336161323939343164633365356234373562
30303734636130396436396530393336616639333664323130653439356231623939363962313139
32333933383835366264646532396436396135666531666634386432653266323335316236663163
65383230343336326132633237303733316437646461656637333730336538643161323631646166
37616663663764633838643533346134613831643338313464393561323332303337383935643735
34386163356533393333633339303231316334376432373261616136613965653561363563303133
38643532666139346362373537666230663830356137306632613537613232313839383964653332
38656135323762653533623762373338393461363865376563356466626534373565323561313138
62383737383834306538333039373738666366663838626634373637396433396566323065393662
62316663346337663465383763346630653965616462653465663830356261336330656663363334
62633062623161386465633365353961313534376666613435353638313434373662656634623861
66323234643733396265656638383431326435326638646165366238613031613535646564323835
36303233336633356230643033383835656664653261623763353135396165373061383235346464
30653863326465633261616565633431316535626536363661396537323363393938616333643935
66643033636334353739313731353762366232636538363831333938636435346639646339326633
36653135393730626431616238363130316239326336633362613635666665366334393263646339
35316631653562323035383736653564373934393162316135616332323734656439636139663962
39313964643532306632663131613236633233366132653130313264373966653238336563393262
65396330343038656237303934306532396361626266633332313733313234393333633261653134
65356132343530643361333365663161666537353932666261376362623933613066626531393137
39383935616162386435363732393661636234643032313733376665613239346262633766366537
64396331636231363730376531613231656634353238626137303263633536633036363866386131
32636264366530636437346364313937313134396332393861326232326136653766386366623435
66326561333866663536313764343365633331623635323263633964663234336361336161303534
31316639636631343737373136323665356161623863383132666562356137303433303239313932
30653737316363633166366138316239356562386639613234353861396337646435656233613162
38306565356132313335393331313730626136636261663931666362643238336666643435666261
37393431663164386439326233306233643564653633336536343039656439653162636631633935
65636639623230376566306232616264373536613331323236623666363263373033396631316264
34386134396666643133386565393961306439316131383066303461363164383765653636633138
32343132326439643236633363663164306135663039363163633239353165323666666339636631
36303433353739666665303036646465653762333035333738363535663966323032343664366466
62393263333234376438343632633766386236653838353135646130356235383536363036366130
66623135316165656561303232366131303637333033363031326231386664666136383631303433
61323864663665356266626631373437633039663933386138323037356338646431343466316231
35383064313835376632653037376534633430653733396538323464336138323261373837343464
61333561303030666362363730313766323437303537393439653266646536636466376633393264
65306336616636353436303463303733616133626135646533653763336161626130626165613232
65616233323132646535633637653763303766353139623435393031333063333864616165343531
35346433386536653164336139343733643833326634323330656562346163386336643834653866
30643465363133343235616233636463383362353839666264616436383065333665313461333230
34633839373966366135306363643266303031333066376235313437313134633334623366326234
65396566636663643432336234313262313832333865323966623161396362656438656164633632
39333639363033383162303865363663663230383330653330653731326130366232313131353765
35356266363130653131653430393963376535313538633339306162316465363633653335366534
38353230366637333365363266363566636461653864326432313532623138643237326363386536
35666363356637333737373361643361326235336465626432386234653764363036373330643465
39326233323931343562313039396639346139356537313466626366656665633137646662663238
64643137383965326261353531613164376131303563306335663438656262636363393061376261
32653366653736383631373466626536363938626537633233656661663761323063643162346435
33333862663438383362326365633139343439386637353134656337373631633532383162343331
30326362343632323435353563353839323437353830316134366433633363346532376337656130
30303262333161313464383833326461383566363336663638306563666365623362393838636231
35626366366432623364
