$ANSIBLE_VAULT;1.1;AES256
32346436643935633333393862393132333865343238306231616238633134363834353839383739
3462643631393632356637356332663765393461306533310a396562623334633561653931666234
64396238663732343535643364346638303866303632636436626664623564303632633261643735
6532323635393334300a646535326463356334616265663166376162373363633963653934626463
38393034383965343262366162363962636335303931346330626435323231313638386661356533
37383661666336393939663831636463666466336330366538393132643765663535626364316162
66323332316637653861303339323530396365306235386635633737326364616233366530643965
61346636326636623235346533353635346439663962343130333931386435333635313131626464
34666538666239653734343962663234636262346138613838303235383063306632303537306664
31363061353436383336303631353636666535353239656534393632343234646461393533643432
63623130663063383732303061323964393366373439323630396233626538663233313536306566
34626530343163333061373362316635613964323937636562346564376238613063343262306264
63633061623136333136303566353266326466373661623037376232356231333037373039323336
32393231623762643331623439316132623263383333323262343866356530376130373731613634
35623630313831333935336661653434373764306230313763373230663466303539383631653764
61303661633033636330653566346434383738306666396662616264316638363437613465653836
38393535646233613264346231643466386362653631653631623764376439386630333566643435
36336539313464626234356230383531666637316335613063366539353365613731363938326137
32323335363031313061333133653232376163326234363231376233626537353830373933353064
33646466623239306430326562353935353135666237353731666539623033353531633363613338
34383637643931303463626331663962383531373330313538326363653865663239333835323636
64373564336463613233656135393262313666383135303765633531346565346438653866323365
32343730633433303562666233303730373034346131316332656232326465623539666139363737
64383037333862303435383537633238323433333166653039343964363365346462343866643862
31633364643437656562373132333732643334633431616431653165623461316238626561656564
62383431653635363230386166383737386532646562376137343965313936636461333434336532
35323034373863643630303437303239343865663063653164353161396666306631633535666538
66353130633763343166336635343935346364623663303036343836303836316339666536643432
61303531333363346530343164323539343037643437363438346332643239363538363166643232
33323661623066663838663565316539633564636262613362623932303038613538333734623032
62633031383866373231396438653563346531306238666234613534373936613566373332336133
34333665643638643938616632383566373036613434333230323536373965623838656139393136
33643135313231333333346364643066346463336439336134653834313637333639326139323262
34643561356465393937343735323736616138616134393638363134653438636331393063613962
38623663353333323539643739616430386433656565383337353264313939386466633437613130
66333532366134323433316338303530313437623434393338376663663333353361323766323364
34353636306330636530373334666335373264653438376336643761363639613932396433313530
32646635363533356530346338633666656661316537393230323439626262623862323861616232
37333635633336316464396137333432333437653332383131383962373535646438633337653630
37326566643666663238313539383761623666303764386336393434643137376132326238316464
30343033333461336364316531383634366361616439363361646663616464373765653136613065
34633231393838333035306238363539616132353531633536343364363964343636303033373733
36303036663336616265626431323837656666326163396336316130323536353039363633303264
63353264313632633462376261316539613937366166633865303032373364633439653765333438
38343032663238343364346232666361373163366661316465376265383830333965366364666161
31623362356138303361343835346164643236363764396235343162626236633236306537373362
30656163616336623838623832336331666262363963303635633734653430663638356262633866
62636131366236353362616466313664396636646333636565323730616137646166306231613566
66643034396662333035646634373032363437636536373866616339323366353237333461323837
62383563346237336438323234313735323766396430373536313061353430303763666135336337
62353161633637393938313465646332336236396433323932343661383563373637356636363166
39373130316432303832616537313339623735613438323364626231613936383764343065366162
63643264623462363065626138616239353163336161643835333765353339383064306133353034
35336163353639616362663330626639616231636665353039396165366565333165616265623162
66356166376235306437646338323535303433653730373738613762653662666438346563333233
35373831363933343764623430326236643565613536306132623933346564666639313231363235
62633137373737613034336264643062303635373563643633663436336236333062336239363733
61363134376361633031373632363263396563316163353137643238333334346336656566633834
31326231626466376636633366303933353639326664396336303930633232323933366438613033
39373038386539636536626530663963643161363637393561376434383933373033323533326661
63316164623831393030336330303239356633383630643536383666626134623663656135616533
65666262643539633235646363646130343663646632363131373935306666663439656261393961
34663333396465626234666663616563613363653861326539653035373534333537613232393332
64663639613762303438353033653836613331656565656334383539613164336633626563306231
63663435633664633461666435363536386539353530306261323934373864356535383061663630
61663162363932346466346533363332393364646565663235623865656334376361633762623730
32626335353661356633336139643234333735366536663033313835373966386131376634336430
31623030313838323032363134643738303839376538656538316536396262303632306162623261
31346537303231303739623735626330306461373738613732353338636635396336343437303432
36636362353264336439313739646132356533316238623534363261326162613962613863386366
36383365376461663662623330666539336462663236326434353738386266616338326537343436
38663237646633313538396330656234363330636630323564313335663831313463633135623938
33663564616265373933373438646339663136656562343764353036396663653032633031376437
65633137363437393533623662366432363061336237663264663837373639313733636661363836
35366631313964306433613335373932326666353364373862373231343337396264383136316430
36643230346261616365633532306162383966393837663566646437316465383239373238376333
30386636376537643565393935363033653066333361346537363334306436386438643162373731
64356538356238633164363738626238613133623731663334376231393465353437323062323839
36343933353934633837383539386165613866313137613563353735646465666633623638323432
66396338336264623632336136353963386364623531623266396333643164396263666166333565
62303935303237353237363130616232373033656561316636623031353238613137303939363865
33663261356239383930303134346537666663316262356566663730386538303034656235336432
32323137373136633231653632656532666565306432333636326361336636653630636438386166
63386163636637663830616631623164323238643031633064613062633934343036396634363636
33386336643465623134663538343337353030333066363837653537643065383037653066323864
31663362376432623333353538633362363561376332393138303831656430663862653631326635
65373931383638633032363131353634313133363735323035336163353839633732643961646238
37653932386131626339366266656633326236353032343038613165653738646261633735356265
61363836373766306166326531373330346165666166656631633032623063663865333661653330
37383834663262396131336438666238623262356463336235646635666337643237626237336132
30613535316264336335656366346230393866323165333233346563333939313665633335636633
36643038666332346638343966616339656565363835316433316631396266303963663637366438
38333563326164336465383661643162663466666163363865313462353137643735383737373535
36633131346261306532373766373930633037333430613037303230653335383863316564373261
32383131373632326530653162303664316233393664633465623536333664373538363163666133
64313563363665373734366366343734613938396164366362613963353030653232393862346639
36323033636235643930393738663838333762346632653964636632613165363861616337366563
30646139383463646338366163323939663231373332616163393736336562386665363761646339
35313139326138383964363562323339306465646532613062366130383937623261646363303031
38626635613834313234306332316164633732366433656633663539376563616130333465393838
62643138643864393138653265333637323662353136376531316339373231303532396363373563
34633738626663666163633163393365613139616330386637343663303436616361666338623539
32636238393563336334646136633935356636373136386662663736633738346134326662323539
38653230363833353037383032623133353563653637346334303731653930336362653135393564
33343263613564613739643664363364396265666366383066656166336538613438383734346234
35666530656465353665653639333162333762313266653666636465366239376530316230616638
61323534336638376336323166356230383730383737383237373232393566666461633637306365
63333863636266303064323735663231366365653230383934653134663666636465643861313436
61386538633063373162383134343835363130336365306637613736383237636436336565643431
62376235663731363236656339326439633534663732376661386361346465316437326261336436
63653537633962313964323735303339366336366536336535303461636234343964343038623539
66343735643737373066336131643633666137646363313366623730343464656335363864323236
37663365383134396363346536663934623738363633303539393937353665313731656366363637
63653836636630623436613632393832356632613331396335326231613938393264656461633831
39383661323338643238623435623339623561396366643235616266303064333535343665626666
39366637656163366563393430313566356134636236393065303765353366383762336263313531
30346561633937323733323332613764313538666432346333333062626432396533613435636464
62373661396332633233626632623162373565613034323463373835393737346566626661366363
62356561383833623837383964393434343133383461363666313264643834636234633339346633
35356534353835313761303732643831353631303266393665373462626439336464396266666231
35343032323661323631333465643466626665313666363834666566326665333439386265306663
38643761386232303034633162353435666431353162313761373938613434316235653230376130
39646564393865636137646532323433386165626530343630623638633536323931366565623930
66633362333464636537646432666539613638386231303038303261386330366335383436326666
3534
